(4.500000000000229, 158)
(9.50000000000012, 158)
(13.50000000000028, 157)
(18.500000000000174, 157)
(22.50000000000033, 157)
(27.500000000000224, 157)
(32.500000000000114, 157)
(36.50000000000028, 157)
(41.0000000000001, 157)
(45.999999999999986, 158)
(50.50000000000022, 158)
(55.00000000000004, 158)
(59.50000000000027, 255)
(64.00000000000009, 255)
(68.50000000000031, 75)
(73.00000000000014, 75)
(78.00000000000003, 73)
(83.5, 72)
(87.50000000000016, 72)
(91.50000000000031, 21)
(97.00000000000027, 71)
(101.5000000000001, 71)
(107.00000000000006, 71)
(113.50000000000017, 71)
(117.50000000000033, 71)
(125.00000000000017, 20)
(131.0000000000002, 20)
(135.50000000000003, 20)
(139.50000000000017, 20)
(143.50000000000034, 20)
(149.50000000000037, 19)
(155.5, 20)
(160.50000000000028, 20)
(165.5000000000002, 19)
(169.50000000000034, 19)
(174.00000000000017, 21)
(179.50000000000014, 22)
(184.00000000000037, 22)
(189.00000000000026, 20)
(194.00000000000014, 20)
(199.00000000000003, 20)
(204.5, 22)
(209.00000000000023, 22)
(214.0000000000001, 50)
(219.50000000000009, 50)
(224.5000000000004, 21)
(230.5, 20)
(235.5000000000003, 20)
(241.00000000000028, 22)
(246.00000000000017, 22)
(251.50000000000014, 255)
(256.00000000000034, 97)
(261.0000000000002, 97)
(265.50000000000006, 96)
(270.0000000000003, 96)
(274.5000000000001, 95)
(279.00000000000034, 95)
(283.50000000000017, 94)
(288.0, 94)
(292.00000000000017, 94)
(296.5000000000004, 94)
(301.5000000000003, 94)
(306.50000000000017, 94)
(311.50000000000006, 95)
(315.5000000000002, 96)
(321.00000000000017, 96)
(326.00000000000006, 98)
(332.0000000000001, 107)
(336.50000000000034, 107)
(341.00000000000017, 181)
(345.00000000000034, 181)
(349.50000000000017, 181)
(353.5000000000003, 255)
(358.50000000000017, 255)
0
0
0
0
0
0
0
0
0
0
0
0
0
0
0
0
0
0
0
0
0
0
0
0
0
0
0
0
0
0
0
0
0
0
0
0
0
0
0
0
0
0
0
0
0
0
0
0
0
0
0
0
0
0
0
0
0
0
0
0
0
0
0
0
0
0
0
0
0
0
0
0
0
0
0
0
0
0
0
0
0
0
0
0
0
0
0
0
0
0
0
0
0
0
0
0
0
0
0
0
0
0
0
0
0
0
0
0
0
0
0
0
0
0
0
0
0
0
0
0
0
0
0
0
0
0
0
0
0
0
0
0
0
0
0
0
0
0
0
0
0
0
0
0
0
0
0
0
0
0
0
0
0
0
0
0
0
0
0
0
0
0
0
0
0
0
0
0
0
0
0
0
0
0
0
0
0
0
0
0
0
0
0
0
0
0
0
0
0
0
0
0
0
0
0
0
0
0
0
0
0
0
0
0
0
0
0
0
0
0
0
0
0
0
0
0
0
0
0
0
0
0
0
0
0
0
0
0
0
0
0
0
0
0
0
0
0
0
0
0
0
0
0
0
0
0
0
0
0
0
0
0
0
0
0
0
0
0
0
0
0
0
0
0
0
0
0
0
0
0
0
0
0
0
0
0
0
0
0
0
0
0
0
0
0
0
