(4.000000000000158, 33)
(8.000000000000316, 34)
(12.500000000000139, 34)
(17.500000000000032, 34)
(23.500000000000064, 34)
(28.499999999999957, 34)
(33.000000000000185, 36)
(37.00000000000035, 36)
(42.000000000000234, 37)
(48.00000000000027, 39)
(54.000000000000306, 100)
(58.50000000000013, 100)
(62.500000000000284, 98)
(69.50000000000006, 98)
(76.00000000000016, 97)
(80.00000000000031, 97)
(84.50000000000014, 97)
(88.99999999999996, 97)
(94.00000000000026, 97)
(98.50000000000009, 98)
(103.49999999999997, 98)
(107.50000000000013, 22)
(111.99999999999996, 22)
(117.00000000000026, 100)
(123.49999999999996, 100)
(129.0000000000003, 108)
(134.99999999999994, 108)
(140.00000000000026, 22)
(145.00000000000014, 22)
(150.00000000000003, 21)
(154.0000000000002, 20)
(158.5, 20)
(163.5000000000003, 134)
(168.00000000000014, 134)
(173.50000000000009, 134)
(178.00000000000034, 20)
(183.99999999999994, 20)
(188.50000000000017, 21)
(192.50000000000034, 21)
(197.00000000000017, 133)
(201.0000000000003, 133)
(205.50000000000014, 20)
(210.50000000000003, 20)
(214.5000000000002, 255)
(218.50000000000034, 21)
(224.0000000000003, 21)
(228.50000000000014, 20)
(234.0000000000001, 21)
(239.50000000000006, 21)
(244.00000000000028, 21)
(250.00000000000034, 21)
(255.00000000000023, 110)
(260.50000000000017, 110)
(265.0, 22)
(270.0000000000003, 22)
(274.5000000000001, 109)
(279.5, 109)
(283.50000000000017, 109)
(288.0, 109)
(292.00000000000017, 110)
(296.5, 110)
(301.5000000000003, 40)
(306.0000000000001, 40)
(310.50000000000034, 38)
(316.0000000000003, 36)
(320.5000000000001, 36)
(324.5000000000003, 35)
(329.0000000000001, 35)
(333.0000000000002, 34)
(338.5000000000002, 34)
(343.00000000000006, 33)
(347.00000000000017, 33)
(352.0000000000001, 33)
(356.0000000000002, 33)
(360.50000000000006, 33)
0
0
0
0
0
0
0
0
0
0
0
0
0
0
0
0
0
0
0
0
0
0
0
0
0
0
0
0
0
0
0
0
0
0
0
0
0
0
0
0
0
0
0
0
0
0
0
0
0
0
0
0
0
0
0
0
0
0
0
0
0
0
0
0
0
0
0
0
0
0
0
0
0
0
0
0
0
0
0
0
0
0
0
0
0
0
0
0
0
0
0
0
0
0
0
0
0
0
0
0
0
0
0
0
0
0
0
0
0
0
0
0
0
0
0
0
0
0
0
0
0
0
0
0
0
0
0
0
0
0
0
0
0
0
0
0
0
0
0
0
0
0
0
0
0
0
0
0
0
0
0
0
0
0
0
0
0
0
0
0
0
0
0
0
0
0
0
0
0
0
0
0
0
0
0
0
0
0
0
0
0
0
0
0
0
0
0
0
0
0
0
0
0
0
0
0
0
0
0
0
0
0
0
0
0
0
0
0
0
0
0
0
0
0
0
0
0
0
0
0
0
0
0
0
0
0
0
0
0
0
0
0
0
0
0
0
0
0
0
0
0
0
0
0
0
0
0
0
0
0
0
0
0
0
0
0
0
0
0
0
0
0
0
0
0
0
0
0
0
0
0
0
0
0
0
0
0
0
0
0
0
0
0
0
0
