25
26
25
26
260
260
260
26
25
25
260
260
260
260
260
260
260
136
136
136
136
137
136
136
135
43
41
41
41
134
44
41
41
43
42
41
42
43
43
42
66
41
43
40
40
40
39
26
41
64
26
64
64
64
64
64
27
39
27
27
64
38
26
37
26
26
26
40
26
27
37
26
64
25
26
25
25
25
25
26
26
25
26
25
26
25
25
24
24
25
25
25
25
24
25
24
24
24
24
24
24
24
24
24
24
24
24
24
24
23
24
22
24
22
23
22
22
22
22
21
22
22
21
22
22
21
22
21
22
21
22
22
22
22
22
22
22
22
22
22
22
22
22
22
22
22
22
22
21
22
22
22
22
22
22
23
23
24
24
24
24
24
24
24
24
24
24
24
24
24
24
24
24
25
25
25
25
25
24
24
24
24
25
24
25
25
25
25
26
25
26
26
37
37
26
25
25
24
24
25
25
26
25
25
25
25
25
25
25
25
25
25
260
260
260
260
26
26
25
25
25
25
25
25
25
25
25
25
25
26
25
26
26
26
26
89
26
260
260
260
260
260
260
260
26
25
25
26
25
26
25
25
25
25
25
25
260
25
260
26
74
76
78
86
85
86
26
88
25
25
25
25
25
25
25
25
25
25
25
25
25
25
25
26
25
26
26
26
36
36
35
35
35
35
35
35
36
35
35
35
35
35
35
35
35
35
34
35
34
35
35
35
35
35
35
35
35
35
26
26
26
26
26
35
36
36
36
36
36
37
36
37
37
37
37
37
38
38
27
26
26
41
41
42
42
42
42
43
43
42
43
42
42
42
42
42
42
43
45
45
