29
30
31
30
32
30
30
26
29
26
28
26
26
26
26
26
26
26
26
26
26
26
26
26
26
26
26
26
27
27
27
26
26
26
26
26
25
25
25
25
25
25
25
25
25
25
25
25
25
25
25
25
25
25
25
25
25
25
25
25
25
25
25
25
25
25
25
24
24
24
24
24
24
24
24
25
24
25
25
24
25
25
25
25
24
25
25
25
25
25
25
26
66
35
27
26
26
26
25
25
25
25
26
26
27
27
26
27
27
28
28
64
58
57
32
42
27
27
27
27
27
27
28
27
27
27
26
26
26
26
26
26
26
26
26
26
26
26
26
25
26
26
26
26
26
26
26
26
26
26
26
26
26
27
27
28
260
260
260
260
260
168
260
167
167
167
166
166
166
166
166
166
166
165
165
165
165
165
164
164
165
164
163
163
163
163
163
163
163
154
153
153
152
152
152
152
152
152
153
153
152
152
152
152
152
152
152
151
151
151
151
151
150
150
150
150
150
150
149
149
149
149
149
149
149
149
149
149
149
149
149
149
149
150
150
150
150
150
150
150
151
151
151
152
152
152
153
154
154
154
153
260
260
260
260
260
260
260
260
260
260
46
45
44
44
27
44
43
43
43
43
27
27
41
27
41
27
40
40
40
40
40
40
40
40
40
40
40
40
39
39
39
39
39
39
39
40
40
40
40
40
40
40
39
40
40
39
40
39
40
40
39
40
40
41
41
41
41
40
40
38
38
40
39
40
41
41
43
26
25
24
24
14
14
14
14
14
24
25
25
25
25
24
26
31
31
38
38
31
26
31
31
31
44
44
42
30
30
30
30
